Overlap Grad Matrix:
        0        0        0        0   0.2663  -0.1825   0.0784        0        0        0        0   0.0298  -0.1112  -0.2130        0        0        0        0   0.0782  -0.1822  -0.0536        0        0        0        0  -0.1822  -0.0536   0.0782  -0.2663  -0.0298  -0.0782   0.1822        0  -0.1313  -0.0550   0.1825   0.1112   0.1822   0.0536   0.1313        0   0.0763  -0.0784   0.2130   0.0536  -0.0782   0.0550  -0.0763        0
        0        0        0        0   0.0784   0.2663  -0.1825        0        0        0        0   0.0782  -0.1822  -0.0536        0        0        0        0  -0.2130   0.0298  -0.1112        0        0        0        0  -0.0536   0.0782  -0.1822  -0.0784  -0.0782   0.2130   0.0536        0   0.0550  -0.0763  -0.2663   0.1822  -0.0298  -0.0782  -0.0550        0  -0.1313   0.1825   0.0536   0.1112   0.1822   0.0763   0.1313        0
        0        0        0        0  -0.1825   0.0784   0.2663        0        0        0        0  -0.1822  -0.0536   0.0782        0        0        0        0  -0.0536   0.0782  -0.1822        0        0        0        0  -0.1112  -0.2130   0.0298   0.1825   0.1822   0.0536   0.1112        0   0.0763   0.1313  -0.0784   0.0536  -0.0782   0.2130  -0.0763        0   0.0550  -0.2663  -0.0782   0.1822  -0.0298  -0.1313  -0.0550        0
Gamma Grad Matrix:
        0   3.6640  -2.5111   1.0782  -3.6640        0  -2.0797  -0.8709   2.5111   2.0797        0   1.2088  -1.0782   0.8709  -1.2088        0
        0   1.0782   3.6640  -2.5111  -1.0782        0   0.8709  -1.2088  -3.6640  -0.8709        0  -2.0797   2.5111   1.2088   2.0797        0
        0  -2.5111   1.0782   3.6640   2.5111        0   1.2088   2.0797  -1.0782  -1.2088        0   0.8709  -3.6640  -2.0797  -0.8709        0
Nuclear Repulsion Grad Matrix (V):
   18.7038  -33.9170   24.6187   -9.4055
   18.7038   -9.4055  -33.9170   24.6187
   18.7038   24.6187   -9.4055  -33.9170
Electron Grad Matrix:
  -16.7780   31.4769  -23.2564    8.5576
  -16.7780    8.5576   31.4769  -23.2564
  -16.7780  -23.2564    8.5576   31.4769
Total Grad Matrix:
   1.9258  -2.4402   1.3622  -0.8479
   1.9258  -0.8479  -2.4402   1.3622
   1.9258   1.3622  -0.8479  -2.4402
Nuclear Repulsion Energy is 242.684 eV.
Electron Energy is -621.51 eV.
The molecule in file ../sample_input/NH3.txt has energy -378.8262975 eV.

Beginning Steepest Descent with Backtracking (Armijo condition) to optimize location.
Step = 0; E = -378.8262975; F_norm = 12.0969932
Step = 1; E = -383.5763405; F_norm = 8.764617051
Step = 2; E = -386.4239757; F_norm = 11.34910223
Step = 3; E = -388.7796549; F_norm = 18.06221448
Step = 4; E = -391.59943; F_norm = 28.26711882
Step = 5; E = -395.8375072; F_norm = 42.10203361
Step = 6; E = -402.3824669; F_norm = 58.32474954
Step = 7; E = -411.2877047; F_norm = 73.44653522
Step = 8; E = -420.9195651; F_norm = 83.42466115
Step = 9; E = -428.7441662; F_norm = 86.23285953
Step = 10; E = -432.9788408; F_norm = 81.25874646
Step = 11; E = -432.974498; F_norm = 67.35521309
Step = 12; E = -429.5421409; F_norm = 44.38326271
Step = 13; E = -426.5113035; F_norm = 22.00229343
Step = 14; E = -427.8242436; F_norm = 13.64300726
Step = 15; E = -430.640588; F_norm = 10.04492751
Step = 16; E = -432.6900488; F_norm = 7.56488394
Step = 17; E = -434.1944927; F_norm = 5.782465915
Step = 18; E = -435.3232522; F_norm = 4.467062769
Step = 19; E = -436.1824653; F_norm = 3.477695909
Step = 20; E = -436.843701; F_norm = 2.723147803
Step = 21; E = -437.3567916; F_norm = 2.141680547
Step = 22; E = -437.7574475; F_norm = 1.690048191
Step = 23; E = -438.0718327; F_norm = 1.337132392
Step = 24; E = -438.3194578; F_norm = 1.060061682
Step = 25; E = -438.5150768; F_norm = 0.8417408557
Step = 26; E = -438.6699708; F_norm = 0.6692199865
Step = 27; E = -438.7928426; F_norm = 0.5325839852
Step = 28; E = -438.8904532; F_norm = 0.4241763816
Step = 29; E = -438.9680849; F_norm = 0.3380444012
Step = 30; E = -439.0298829; F_norm = 0.2695345887
Step = 31; E = -439.0791122; F_norm = 0.2149933303
Step = 32; E = -439.1183515; F_norm = 0.1715420247
Step = 33; E = -439.1496424; F_norm = 0.1369063654
Step = 34; E = -439.1746039; F_norm = 0.109285481
Step = 35; E = -439.1945222; F_norm = 0.08725084437
Step = 36; E = -439.2104198; F_norm = 0.06966767556
Step = 37; E = -439.2231107; F_norm = 0.05563351448
Step = 38; E = -439.2332432; F_norm = 0.04443000706
Step = 39; E = -439.241334; F_norm = 0.03548493187
Step = 40; E = -439.2477951; F_norm = 0.02834220858
Step = 41; E = -439.2529552; F_norm = 0.02263815694
Step = 42; E = -439.2570765; F_norm = 0.0180826696
Step = 43; E = -439.2603682; F_norm = 0.01444425981
Step = 44; E = -439.2629975; F_norm = 0.01153817263
Step = 45; E = -439.2650977; F_norm = 0.009216922979
Converged in 46 steps. To a cluster energy of -439.2650977
----Optimized Positions----
0.7322824636, 0.7322824634, 0.7322824637
3.279052612, 2.895640057, 2.363430215
2.363430214, 3.279052611, 2.895640056
2.89564006, 2.363430218, 3.279052614
